0 1543 43 1500
1 2407 1562 845
2 3005 2233 772
3 3027 2250 777
4 3905 3131 774
5 3963 3179 784
6 3966 3186 780
7 4120 3346 774
8 5046 4269 777
9 5132 4336 796
10 5144 4365 779
11 5176 4397 779
12 5399 4614 785
13 5323 4521 802
14 5490 4708 782
15 5267 4488 779
16 6241 5462 779
17 6181 5400 781
18 6491 5710 781
19 6295 5521 774
20 6431 5656 775
21 6412 5637 775
22 6773 5991 782
23 6599 5799 800
24 6560 5780 780
25 6442 5638 804
26 6774 5997 777
27 6724 5949 775
28 6938 6163 775
29 6663 5882 781
30 6808 6030 778
31 6693 5911 782
32 7778 7000 778
33 7626 6843 783
34 7890 7115 775
35 7674 6892 782
36 8144 7369 775
37 7746 6939 807
38 7853 7071 782
39 7590 6805 785
40 8172 7395 777
41 7924 7145 779
42 8243 7465 778
43 7799 7024 775
44 8202 7425 777
45 8073 7298 775
46 8212 7433 779
47 8047 7268 779
48 8394 7586 808
49 7964 7149 815
50 8256 7480 776
51 8122 7341 781
52 8389 7610 779
53 8055 7275 780
54 8434 7652 782
55 8280 7501 779
56 8776 8001 775
57 8280 7499 781
58 8389 7613 776
59 8409 7631 778
60 8819 8045 774
61 8570 7802 768
62 8885 8108 777
63 8600 7823 777
64 9891 9109 782
65 9421 8639 782
66 9476 8695 781
67 9377 8596 781
68 9563 8787 776
69 9514 8710 804
70 9727 8951 776
71 9793 8980 813
72 10388 9610 778
73 9817 9034 783
74 10122 9346 776
75 9858 9087 771
76 9984 9205 779
77 9690 8911 779
78 10088 9304 784
79 9939 9158 781
80 10472 9701 771
81 9977 9199 778
82 10058 9276 782
83 10061 9275 786
84 10611 9834 777
85 10205 9428 777
86 10314 9541 773
87 10250 9468 782
88 10811 10033 778
89 10455 9669 786
90 10618 9839 779
91 10411 9628 783
92 10631 9854 777
93 10462 9676 786
94 10770 9995 775
95 10728 9953 775
96 11059 10283 776
97 10388 9607 781
98 10847 10068 779
99 10736 9956 780
100 10945 10162 783
101 10584 9806 778
102 11049 10273 776
103 10888 10112 776
104 11729 10945 784
105 10897 10114 783
106 11099 10320 779
107 11194 10411 783
108 11671 10893 778
109 11423 10645 778
110 11663 10887 776
