0 1966
1 1267
2 1139
3 1122
4 1136
5 1150
6 1142
7 1135
8 1143
9 1135
10 1149
11 1202
12 1155
13 1152
14 1156
15 1149
16 1153
17 1156
18 1157
19 1151
20 1156
21 1158
22 1166
23 1159
24 1169
25 1208
26 1168
27 1170
28 1168
29 1173
30 1178
31 1169
32 1181
33 1174
34 1182
35 1214
36 1200
37 1189
38 1196
39 1202
40 1191
41 1199
42 1201
43 1203
44 1201
45 1205
46 1206
47 1211
48 1206
49 1204
50 1208
51 1202
52 1203
53 1204
54 1212
55 1206
56 1215
57 1210
58 1222
59 1215
60 1225
61 1216
62 1228
63 1216
64 1220
65 1222
66 1233
67 1239
68 1235
69 1236
70 1244
71 1251
72 1248
73 1230
74 1253
75 1241
76 1252
77 1243
78 1259
79 1255
80 1260
81 1255
82 1269
83 1247
84 1268
85 1267
86 1272
87 1281
88 1275
89 1272
90 1270
91 1276
92 1280
93 1357
94 1287
95 1273
96 1280
97 1271
98 1316
99 1300
100 1356
101 1319
102 1314
103 1321
104 1291
105 1284
106 1297
107 1288
108 1329
109 1297
110 1301
