0 2113 192 1921
1 1358 143 1215
2 1493 340 1153
3 1541 365 1176
4 1498 350 1148
5 1579 440 1139
6 1940 795 1145
7 2539 927 1612
8 2349 1008 1341
9 2970 1268 1702
10 2976 1402 1574
11 2720 1157 1563
12 2872 1237 1635
13 3159 1502 1657
14 3270 1603 1667
15 3276 1565 1711
16 3295 1649 1646
17 3484 1750 1734
18 4341 2270 2071
19 4295 2453 1842
20 4629 2477 2152
21 4394 2536 1858
22 5199 2997 2202
23 5303 3257 2046
24 5256 3068 2188
25 12492 10103 2389
26 5544 3435 2109
27 5794 3408 2386
28 5791 3584 2207
29 6263 3706 2557
30 5907 3600 2307
31 6391 3824 2567
32 6660 4240 2420
33 6975 4396 2579
34 7217 4488 2729
35 7178 4493 2685
36 7200 4485 2715
37 7663 4911 2752
38 8295 5475 2820
39 8112 5212 2900
40 8216 5387 2829
41 9136 6088 3048
42 13082 10017 3065
43 8689 5828 2861
44 9197 6014 3183
45 9114 6174 2940
46 9918 6692 3226
47 10357 7117 3240
48 10151 7030 3121
49 10261 7017 3244
50 10415 7223 3192
51 11258 7932 3326
52 11724 8305 3419
53 11580 8318 3262
54 11268 7957 3311
55 11715 8192 3523
56 12223 8833 3390
57 12969 9371 3598
58 12888 9329 3559
59 12890 9163 3727
60 13609 9844 3765
61 14288 10431 3857
62 14642 10932 3710
63 14428 10612 3816
64 14892 11139 3753
65 15596 11639 3957
66 16257 12160 4097
67 16102 12097 4005
68 16125 12079 4046
69 16345 12272 4073
70 16754 12678 4076
71 17406 13262 4144
72 18147 13593 4554
73 18027 13758 4269
74 18032 13704 4328
75 18630 14311 4319
76 18974 14617 4357
77 19402 14920 4482
78 20040 15374 4666
79 20098 15549 4549
80 20569 16006 4563
81 20860 16235 4625
82 21308 16670 4638
83 21633 16880 4753
84 21930 17228 4702
85 22655 17815 4840
86 23667 18407 5260
87 23574 18518 5056
88 23527 18459 5068
89 23971 19090 4881
90 24620 19566 5054
91 24481 19505 4976
92 24988 19879 5109
93 25143 20075 5068
94 25947 20833 5114
95 26794 21402 5392
96 26718 21583 5135
97 27193 21987 5206
98 27120 21963 5157
99 27555 22354 5201
100 28286 23070 5216
